178
6.7
7
7.5
8
10.5
11
11.5
12
14.5
14.75
15
15.5
16
17
18
18.5
18.75
19
19.25
20
21
22
22.5
22.75
23
23.25
24
26
26.5
26.75
27
27.25
27.5
28
30
30.5
30.75
31
31.25
31.5
32
34
34.5
34.75
35
35.25
35.5
36
37
38
38.5
38.75
39
39.25
39.5
40.15
42
42.5
42.75
43
43.25
43.5
44
45.5
46.5
47
47.5
48
49
50.5
51
51.5
52
53
54.5
55
55.5
56
58.5
59
59.5
60
62.5
63
63.5
64
65
66.5
67
67.5
68
69
70.5
71
71.5
72
74.5
75
75.5
76
78.5
78.75
79
79.25
79.5
80
82
82.5
82.75
83
83.25
83.5
84
85
86
86.5
86.75
87
87.25
87.5
88
90
90.5
90.75
91
91.25
91.5
92
94
94.5
94.75
95
95.25
95.5
96
98
98.5
98.75
99
99.25
99.5
100
101
102
102.5
102.75
103
103.25
103.5
104
106
106.5
106.75
107
107.25
107.5
108
110.5
110.75
111
111.25
111.5
111.75
112
112.25
112.5
112.75
113
113.25
113.5
113.75
114
114.25
114.5
114.75
115
115.25
115.5
115.75
116
116.25
116.5
116.75
117
117.25
117.5
117.75
118
118.25
118.5
118.75
119
119.25
119.5
119.75
120
120.25
120.5
120.75
121
121.25
121.5
121.75
122
122.25
122.5
122.75
123
123.25
123.5
123.75
124
124.25
124.5
124.75
125
125.25
125.5
125.75
126
126.25
126.5
126.75
127
127.25
127.5
127.75
128
128.25
128.5
128.75
129
129.25
129.5
129.75
130
130.25
130.5
130.75
131
131.25
131.5
131.75
132
132.25
132.5
132.75
133
133.25
133.5
133.75
134
134.25
134.5
134.75
135
135.25
135.5
135.75
136
136.25
136.5
136.75
137
137.25
137.5
137.75
138
138.25
138.5
138.75
139
139.25
139.5
139.75
140
140.25
140.5
140.75
141
141.25
141.5
141.75
142
142.25
142.5
143
143.5
144
145
146.5
147
147.5
148
149
150.5
151
151.5
152
154.5
155
155.5
156
158.5
159
159.5
160
161
162.5
163
163.5
164
165
166.5
167
167.5
168
170.5
171
171.5
172
