4.8
5.6
6
7.77
8.7
10.7
11.6
11.95
13.7
14.55
14.95
16.7
17.55
17.95
19.75
21
22.7
23.6
23.95
25.7
26.5
26.95
28.2
29.55
29.95
29.7
32.55
33.95
34.5
34.95
35.55
36
37.7
38.7
39.05
40.7
41.5
42
43.2
44.5
46.785
47.55
47.95
49.7
50.5
50.95
52.7
53.4
53.9
55.7
56.5
57.6
58
58.5
58.85
59.5
59.95
61.7
62.5
63
64.7
65.55
65.95
67.7
68.45
70.8
71.5
71.9
73.75
74.55
74.95
76.75
77.5
77.9
79.75
80.45
82.7
83.5
83.95
85.75
86.45
86.95
88.8
89.5
89.85
94.7
95.8
97.7
98.95
99.55
100.65
100.95
101.3
101.5
101.75
102.75
104.7
105.85
107.7
108.8
110.7
111.5
113.7
114.5
114.95
121.7
122.55
123
124.7
125.5
126
127.75
128.45
129.6
129.95
130.2
130.4
130.7
131.5
131.95
133.7
134.55
134.95
136.7
137.5
137.95
139.7
140.45
142.8
143.55
144
145.75
146.5
146.95
148.7
149.5
149.95
151.75
152.5
154.8
155.45
155.95
157.75
158.45
158.85
160.8
161.45
161.95
163.7
164.45
