106
0.4
1.5
2.5
3.75
5.25
6.5
7.6
8.6
10
11.5
12.6
13.8
15
16
17.5
19.2
20
21
22.2
22.6
23
23.4
25.5
26.5
27.25
28.5
30
31
32.25
33.5
34.5
35.5
36.5
37.2
37.7
38.1
38.7
40.6
41.1
41.4
42
43.5
43.7
45.1
45.6
45.9
46.75
47.25
47.5
48.25
49.5
49.9
50.5
51
51.5
52.5
53
53.75
54.5
55.75
56
56.25
57.5
58
58.4
59.25
59.5
60
60.5
60.75
61.9
62.3
63
63.4
63.75
65
65.4
66
67
68.3
68.7
69.9
70.4
70.8
71.5
71.9
72.3
72.7
73
73.25
74.25
74.75
75.4
75.8
77.3
77.7
78.5
79.25
80.5
80.9
82.25
82.75
83.15
84
84.4
84.8
85.5
86.5
87
87.5
87.75
88.25
88.65